0.604827
0.49926
0.447
0.424458
0.394231
0.351096
0.327991
0.315671
0.311336
0.30204
0.296817
0.284186
0.271976
0.261637
0.251391
0.242845
0.234942
0.227917
0.220384
0.213128
0.206262
0.200631
0.19544
0.189788
0.184675
0.180024
0.175385
0.171306
0.166983
0.163002
0.159139
0.155533
0.151901
0.148692
0.145491
0.142415
0.139589
0.136875
0.133915
0.131365
0.128824
0.126486
0.124385
0.121933
0.119912
0.118071
0.116157
0.114224
0.112248
0.110489
0.10889
0.107188
0.105537
0.103941
0.102192
0.100657
0.0992736
0.0978565
0.0964095
0.0951213
0.0937624
0.0925974
0.0913176
0.0901182
0.0889398
0.0877121
0.0866832
0.08568
0.0846123
0.0836396
0.0826702
0.0815557
0.0805518
0.0796286
0.0787589
0.0778697
0.0770915
0.0762053
0.0754379
0.0746129
0.0738832
0.0730994
0.0723467
0.0716022
0.0708965
0.0701938
0.0694619
0.0687804
0.0680388
0.0673658
0.066644
0.0660493
0.0654135
0.0648897
0.0642442
0.0636616
0.0631157
0.0625435
0.061955
0.0613689
0.0608955
0.0603952
0.0598748
0.0593809
0.0588652
0.0584026
0.0579194
0.0574594
0.0570141
0.05655
0.0560869
0.0556255
0.0551675
0.0547363
0.0543077
0.0539094
0.0535017
0.0531119
0.0526969
0.052301
0.051901
0.0515145
0.0511742
0.0507926
0.0504061
0.0500162
0.0496642
0.0492926
0.0489545
0.0486155
0.0482501
0.0479175
0.0475648
0.0472265
0.0468716
0.046584
0.0462633
0.0459558
0.0457002
0.0454336
0.0451253
0.0448614
0.0445591
0.0443142
0.0440383
0.0437683
0.0435156
0.0432912
0.0430763
0.0428258
0.0426154
0.0424041
0.0421695
0.0419465
0.0417134
0.0414689
0.0412203
0.0409715
0.0407905
0.0405987
0.0403814
0.0401681
0.03996
0.0397722
0.0395363
0.0393446
0.0391084
0.0388909
0.0386946
0.0385543
0.0383306
0.0381658
0.0379697
0.0378487
0.0377189
0.0375611
0.0373683
0.0372327
0.0370882
0.0368808
0.0366921
0.0364987
0.0363257
0.0361403
0.0359585
0.0357733
0.0356083
0.03545
0.0353317
0.03516
0.0350023
0.0348301
0.0346864
0.0345684
0.0343939
0.0342448
0.0341263
0.0339832
0.0338582
0.0337048
0.033533
0.0333847
0.0332334
0.0330826
0.0329269
0.0327597
0.0326392
0.032492
0.0324048
0.0322567
0.0321209
0.031978
0.0318411
0.0316937
0.0315635
0.0314248
0.0313132
0.0311957
0.0310723
0.0309504
0.0308524
0.0307288
0.0305943
0.0304864
0.0303586
0.0302267
0.0301067
0.0299722
0.0298722
0.0297449
0.0296425
0.0295265
0.0294102
0.0292866
0.0291681
0.0290506
0.0289362
0.0288376
0.0287271
0.0286117
0.0285037
0.0283972
0.0282812
0.0281753
0.0280832
0.0279719
0.0278936
0.0277818
0.0276653
0.0275637
0.0274776
0.0274048
0.0272994
0.0271873
0.0270939
0.0269944
0.0269163
0.0268197
0.0267198
0.0266271
0.0265359
0.0264601
0.0263912
0.0262928
0.026196
0.0260913
0.0259952
0.0259023
0.0258301
0.0257339
0.0256445
0.0255551
0.0254814
0.0253878
0.0252946
0.0252105
0.0251233
0.0250419
0.0249509
0.0248769
0.0247966
0.0247109
0.0246361
0.0245665
0.0244817
0.0243908
0.0243046
0.0242229
0.0241417
0.0240563
0.0239859
0.0239089
0.0238271
0.0237535
0.0236738
0.0235996
0.0235258
0.0234472
0.0233854
0.0233075
0.0232346
0.0231683
0.0231052
0.0230454
0.0229743
0.0229035
0.0228316
0.0227694
0.0227044
0.0226337
0.0225756
0.0225093
0.0224488
0.0223915
0.0223326
0.022262
0.0221961
0.0221353
0.0220605
0.0219994
0.0219274
0.021872
0.0218183
0.0217646
0.0217078
0.0216511
0.0215967
0.021535
0.0214775
0.0214146
0.021355
0.0212919
0.0212395
0.0211928
0.0211352
0.0210752
0.0210124
0.0209719
0.0209215
0.0208723
0.0208419
0.0208089
0.0207865
0.0207512
0.0207022
0.0206589
0.0206065
0.020559
0.0205133
0.0204757
0.0204212
0.0203709
0.0203159
0.0202599
0.0202117
0.0201653
0.0201137
0.0200875
0.0200941
0.0201099
0.0200806
0.0200569
0.0200583
0.0200179
0.0199755
0.0199219
0.0198697
0.019824
0.0197688
0.0197316
0.0196805
0.0196252
0.0195733
0.0195227
0.0194676
0.0194214
0.0193717
0.0193232
0.019276
0.0192409
0.0191919
0.0191422
0.0191063
0.0190558
0.0190201
0.0189883
0.018949
0.0189096
0.0188618
0.0188245
0.0187711
0.0187306
0.0186895
0.0186469
0.0186103
0.0185739
0.0185369
0.0184982
0.0184592
0.0184373
0.0184035
0.0183601
0.0183224
0.0182744
0.0182537
0.0182171
0.0181804
0.0181466
0.0181001
0.0180655
0.0180298
0.0179968
0.0179634
0.0179217
0.0178777
0.0178364
0.0177935
0.0177524
0.0177117
0.0176709
0.0176285
0.0175907
0.0175492
0.0175119
0.0174687
0.0174274
0.017387
0.017355
0.017328
0.0173018
0.0172615
0.0172232
0.0171894
0.017157
0.0171349
0.0171033
0.0170637
0.017025
0.0169874
0.0169541
0.0169216
0.0168915
0.0168602
0.0168384
0.0168075
0.0167703
0.0167418
0.016714
0.0166819
0.0166454
0.0166076
0.0165724
0.0165425
0.0165129
0.0164872
0.0164535
0.0164256
0.0163921
0.0163655
0.0163259
0.0162916
0.016266
0.0162324
0.0162106
0.0161748
0.0161495
0.016119
0.0160853
0.0160518
0.0160192
0.0159916
0.0159721
0.0159416
0.0159085
0.0158803
0.0158465
0.015819
0.0157896
0.0157698
0.0157396
0.0157078
0.0156769
0.0156443
0.015609
0.0155958
0.0155625
0.0155304
0.0155052
0.0154808
0.0154518
0.0154215
0.0153914
0.0153668
0.0153438
0.0153139
0.0152815
0.0152541
0.0152244
0.0152001
0.0151717
0.0151408
0.0151133
0.015091
0.0150616
0.0150387
0.0150123
0.0149812
0.0149554
0.0149374
0.0149107
0.0148828
0.0148619
0.0148429
0.0148261
0.0147981
0.0147781
0.0147461
0.014719
0.0146996
0.0146715
0.014644
0.0146177
0.0145898
0.0145628
0.014536
0.0145327
0.0145124
0.014498
0.0144899
0.0144807
0.0144606
0.0144334
0.0144044
0.0143851
0.0143747
0.0143532
0.0143235
0.0142963
0.0142685
0.0142422
0.0142239
0.0142089
0.014188
0.0141739
0.014154
0.014135
0.0141199
0.0141061
0.0140878
0.0140798
0.0140615
0.014035
0.0140162
0.0140139
0.0139894
0.0139649
0.0139467
0.0139294
0.0139054
0.0138873
0.0138637
0.013857
0.013844
0.0138199
0.013796
0.0137711
0.0137479
0.013731
0.0137086
0.0136844
0.0136667
0.0136493
0.0136315
0.013612
0.0136043
0.0135922
0.0135736
0.0135509
0.0135265
0.013501
0.0134775
0.0134561
0.0134435
0.0134258
0.0134041
0.0133825
0.0133626
0.0133432
0.0133313
0.0133092
0.0132886
0.0132693
0.0132477
0.0132327
0.0132098
0.0131885
0.0131661
0.013144
0.0131215
0.013101
0.013085
0.0130622
0.0130427
0.0130214
0.0130004
0.012977
0.0129625
0.0129494
0.0129269
0.0129057
0.0128917
0.0128807
0.0128601
0.012839
0.0128197
0.0128006
0.012782
0.0127615
0.0127458
0.0127317
0.0127114
0.0126906
0.0126743
0.0126548
0.0126348
0.0126199
0.0126107
0.0125955
0.0125757
0.0125707
0.0125548
0.0125457
0.0125311
0.0125162
0.0124963
0.0124755
0.0124608
0.0124511
0.0124368
0.0124182
0.0124053
0.0123911
0.0123755
0.0123614
0.0123525
0.0123381
0.0123287
0.012316
0.0123171
0.012299
0.01228
0.0122622
0.0122439
0.0122262
0.0122095
0.0121907
0.0121779
0.0121695
0.0121543
0.0121401
0.0121255
0.0121272
0.0121188
0.0121107
0.0120968
0.0120931
0.0120901
0.0120723
0.0120533
0.0120411
0.0120226
0.0120096
0.0120017
0.0119954
0.0119867
0.0119692
0.0119554
0.0119426
0.0119392
0.0119276
0.0119294
0.0119249
0.0119165
0.0119117
0.0119117
0.0119043
0.0118893
0.0118907
0.0118836
0.0118864
0.0118915
0.0118826
0.0118655
0.0118522
0.01184
0.0118228
0.0118193
0.0118078
0.011792
0.0117883
0.0117797
0.0117675
0.0117543
0.0117386
0.0117278
0.0117162
0.0117076
0.0117009
0.0116936
0.0116816
0.0116657
0.0116551
0.0116482
0.0116311
0.0116236
0.0116167
0.0116138
0.0116014
0.0115852
0.0115719
0.0115591
0.0115434
0.0115273
0.0115171
0.0115003
0.0114853
0.0114777
0.0114663
0.0114515
0.0114413
0.011435
0.0114199
0.011408
0.0113967
0.0113933
0.0113825
0.0113674
0.0113601
0.0113537
0.0113374
0.0113279
0.0113166
0.0113104
0.0112999
0.0112888
0.0112728
0.0112583
0.0112454
0.0112342
0.0112238
0.0112088
0.0111978
0.0111876
0.0111765
0.0111617
0.0111513
0.0111445
0.0111344
0.0111194
0.0111101
0.0110993
0.0110898
0.0110798
0.0110661
0.0110528
0.011038
0.0110242
0.0110148
0.0110048
0.0109913
0.0109807
0.0109671
0.0109527
0.0109386
0.0109346
0.0109248
0.0109155
0.0109012
0.0108883
0.0108737
0.0108596
0.0108461
0.010837
0.010824
0.010821
0.0108063
0.0107958
0.010786
0.0107726
0.0107627
0.0107533
0.0107478
0.0107332
0.0107273
0.0107155
0.0107012
0.0106876
0.0106741
0.0106614
0.0106515
0.0106576
0.0106562
0.0106548
0.0106565
0.0106466
0.0106343
0.0106252
0.0106123
0.0106108
0.0105979
0.0105935
0.0105891
0.0105772
0.0105718
0.0105595
0.0105581
0.0105464
0.0105376
0.01053
0.0105176
0.0105046
0.0104923
0.0104828
0.0104744
0.0104727
0.0104676
0.010459
0.0104472
0.0104422
0.0104364
0.0104284
0.0104164
0.0104073
0.0104025
0.010398
0.0103892
0.0103822
0.0103848
0.0103763
0.0103724
0.0103612
0.0103485
0.0103405
0.0103286
0.0103167
0.0103092
0.0102969
0.0102891
0.0102808
0.0102728
0.0102614
0.0102492
0.0102417
0.0102379
0.0102379
0.0102312
0.0102191
0.010208
0.010196
0.0101839
0.0101787
0.0101773
0.0101664
0.0101548
0.0101503
0.0101392
0.0101266
0.0101148
0.0101107
0.0101023
0.0100912
0.0100909
0.01008
0.0100692
0.0100582
0.0100495
0.0100378
0.0100304
0.0100266
0.0100185
0.0100106
0.010007
0.00999622
0.00998506
0.0099776
0.00997346
0.00996578
0.0099583
0.0099549
0.0099506
0.00994714
0.00994328
0.00993257
0.00992143
0.00991433
0.0099033
0.00989182
0.00988088
0.00987068
0.00986612
0.00985486
0.00984405
0.0098337
0.00982652
0.00981905
0.00981149
0.00980159
0.00979067
0.00978398
0.00977676
0.00976687
0.00975583
0.00974857
0.00973817
0.00973141
0.00972046
0.00970907
0.00970226
0.00969507
0.00968905
0.00968532
0.00967722
0.00966654
0.00965957
0.00964903
0.00963929
0.0096394
0.00963568
0.00962845
0.00962853
0.00962148
0.00961477
0.00960376
0.00959705
0.00958689
0.00957716
0.0095669
0.00956055
0.00955056
0.00954404
0.00953431
0.00952428
0.00951791
0.00950864
0.0094982
0.00949533
0.00948493
0.00947583
0.00946945
0.00946261
0.00945278
0.00944267
0.00943966
0.00943337
0.00942961
0.00942002
0.00941393
0.00940355
0.00939411
0.0093869
0.00938118
0.009372
0.00936515
0.00936219
0.00935554
0.0093471
0.00934443
0.00933915
0.00933581
0.00932645
0.00932033
0.00931053
0.00931074
0.00930469
0.00929573
0.00928979
0.00927995
0.00927048
0.00926707
0.0092639
0.00926153
0.00925212
0.00924892
0.0092494
0.00924274
0.00923309
0.00922452
0.00921889
0.00921908
0.00921608
0.00921338
0.00920507
0.00919943
0.0091962
0.0091962
0.00919307
0.00918312
0.00917394
0.00916466
0.00915586
0.00914662
0.00913725
0.00913131
0.00912858
0.00911974
0.009114
0.00910848
0.009106
0.00909624
0.00909691
0.00908832
0.00908605
0.00907726
0.00907492
0.00906572
0.00905972
0.00905041
0.00905007
0.00904463
0.00903921
0.00903987
0.00903199
0.00902328
0.00901796
0.00901165
0.00900879
0.00900314
0.00899527
0.00898926
0.00898424
0.00897917
0.008971
0.00896563
0.00895746
0.0089485
0.00894017
0.0089317
0.00892601
0.00892026
0.0089114
0.00890903
0.00890065
0.00889248
0.00888673
0.00887712
0.00886873
0.00886392
0.00885825
0.00884956
0.00884151
0.00883314
0.0088282
0.00881946
0.0088114
0.00880636
0.00879772
0.00879167
0.00878395
0.00877872
0.00877001
0.00876142
0.00875267
0.00874734
0.00874246
0.0087405
0.00873247
0.00872721
