0.00296736
0.0725309
0.054
0.0490196
0.0412679
0.0357863
0.0318966
0.0304626
0.0298257
0.0273109
0.0267703
0.0255284
0.0244094
0.0233492
0.0225018
0.0215978
0.0208473
0.0200474
0.0194154
0.0187236
0.0181818
0.017587
0.0170862
0.0166369
0.0162275
0.0158271
0.0154254
0.0149952
0.0146272
0.0142726
0.0139242
0.0136044
0.0133142
0.013007
0.0127345
0.0124832
0.0122497
0.0119691
0.0117498
0.011517
0.0113001
0.0110767
0.0108785
0.0106933
0.0105275
0.0103506
0.0101684
0.0100075
0.00984127
0.00968649
0.00952869
0.00937028
0.00924178
0.00908292
0.00895609
0.00882604
0.00869078
0.00856275
0.00842162
0.00829394
0.00818086
0.00806312
0.0079596
0.00785606
0.00775194
0.00765558
0.00756405
0.00747228
0.00738212
0.00728041
0.0072026
0.0071319
0.00704225
0.00696264
0.00687209
0.00679278
0.00671626
0.0066348
0.00655668
0.00648174
0.00640408
0.00634726
0.00628039
0.00621658
0.00615649
0.0060844
0.00602488
0.00595963
0.00589615
0.00583584
0.00578286
0.00572731
0.00566969
0.00562137
0.00557353
0.00552552
0.00547091
0.00542717
0.00537914
0.00533563
0.0052874
0.00523826
0.00519495
0.00515178
0.0051012
0.00504776
0.00500027
0.00495656
0.00491206
0.00486911
0.00483192
0.00478962
0.00475728
0.00471818
0.00468019
0.00464049
0.00459986
0.00456531
0.00453106
0.00449493
0.00446022
0.00442436
0.00438762
0.00435924
0.00432921
0.00430038
0.00426978
0.00424115
0.00421138
0.00418034
0.00414938
0.00412216
0.00409457
0.00406682
0.00404102
0.00401641
0.00398868
0.00396217
0.00393434
0.00390625
0.00388034
0.003857
0.00383079
0.00381038
0.00378541
0.00376183
0.00373839
0.00371539
0.00369033
0.00366748
0.00364392
0.00362164
0.00359851
0.003575
0.00355097
0.00352901
0.00351076
0.00348968
0.00346588
0.00344649
0.0034263
0.0034031
0.00338096
0.0033591
0.00333848
0.00332072
0.00330443
0.00328575
0.00326809
0.00324834
0.00323298
0.0032161
0.00319895
0.00318232
0.00316466
0.00315019
0.0031348
0.00311808
0.00310217
0.0030855
0.00307002
0.00305449
0.00303932
0.00302518
0.0030101
0.00299575
0.00298067
0.00296367
0.00295322
0.0029382
0.00292425
0.0029108
0.00289494
0.00288122
0.00286665
0.0028525
0.00283779
0.00282409
0.00280958
0.00279615
0.00278135
0.00276942
0.00275621
0.00274458
0.00273345
0.00272033
0.0027079
0.00269573
0.00268398
0.00267387
0.00266079
0.00264904
0.0026374
0.00262534
0.00261148
0.00259914
0.00258729
0.00257625
0.00256347
0.0025513
0.00253932
0.00252841
0.0025178
0.00250708
0.00249604
0.00248557
0.00247518
0.00246384
0.00245311
0.00244229
0.00243277
0.00242225
0.00241176
0.00240335
0.00239351
0.002384
0.00237578
0.00236647
0.002357
0.00234771
0.00233827
0.0023296
0.00232048
0.00230993
0.00229993
0.00228996
0.00228042
0.00227073
0.00226305
0.00225422
0.00224513
0.00223601
0.00222749
0.00222111
0.00221328
0.00220557
0.00219656
0.00218906
0.00218305
0.00217462
0.00216596
0.00215772
0.00214954
0.00214162
0.00213391
0.00212674
0.00211889
0.00211129
0.00210422
0.00209743
0.00208961
0.00208226
0.00207474
0.00206731
0.00206021
0.00205321
0.00204512
0.00203822
0.00203092
0.00202495
0.00201696
0.00201029
0.00200388
0.00199734
0.00199011
0.00198324
0.00197691
0.00197038
0.0019641
0.00195761
0.00195054
0.00194378
0.00193698
0.00193002
0.00192312
0.0019165
0.00191008
0.00190379
0.00189676
0.0018919
0.00188622
0.00188054
0.00187496
0.00186773
0.00186227
0.00185632
0.00185119
0.00184495
0.00183849
0.00183258
0.00182729
0.00182142
0.00181619
0.00181036
0.00180505
0.00180009
0.0017946
0.00178936
0.00178345
0.00177796
0.00177234
0.00176668
0.00176116
0.00175511
0.00174976
0.00174425
0.0017389
0.00173446
0.00172985
0.00172526
0.00172018
0.00171517
0.00171044
0.00170555
0.0017008
0.00169569
0.00169085
0.00168567
0.0016811
0.00167631
0.00167137
0.00166667
0.00166232
0.00165743
0.00165319
0.00164882
0.00164433
0.00163963
0.0016347
0.00163061
0.0016261
0.00162176
0.00161773
0.00161352
0.00160916
0.00160525
0.00160039
0.00159632
0.00159178
0.00158746
0.00158322
0.00157887
0.00157494
0.00157073
0.00156618
0.00156205
0.00155826
0.00155412
0.00155021
0.00154593
0.00154185
0.0015376
0.00153417
0.00153039
0.00152662
0.00152224
0.00151857
0.00151444
0.00151001
0.00150612
0.00150201
0.00149814
0.00149472
0.00149122
0.00148743
0.00148399
0.00147995
0.0014761
0.00147215
0.00146834
0.00146496
0.00146125
0.00145766
0.00145408
0.00145038
0.00144653
0.00144293
0.00143927
0.00143605
0.00143214
0.00142892
0.00142559
0.00142237
0.00141881
0.00141514
0.00141168
0.00140856
0.00140517
0.00140219
0.00139881
0.00139554
0.00139188
0.00138825
0.0013851
0.00138187
0.00137868
0.00137529
0.00137196
0.00136847
0.00136556
0.00136198
0.00135879
0.001356
0.00135233
0.00134933
0.00134671
0.00134345
0.00134029
0.00133713
0.00133433
0.00133141
0.00132834
0.00132535
0.00132245
0.0013193
0.00131653
0.00131376
0.00131078
0.00130756
0.00130484
0.00130228
0.00129935
0.00129633
0.00129382
0.00129081
0.00128805
0.0012852
0.00128256
0.00128013
0.00127737
0.0012745
0.00127146
0.00126867
0.00126624
0.00126388
0.00126093
0.00125832
0.00125562
0.00125307
0.00125092
0.00124819
0.00124545
0.00124295
0.00124021
0.00123762
0.00123488
0.00123272
0.00123024
0.0012279
0.00122531
0.00122267
0.0012201
0.00121761
0.00121497
0.00121228
0.00120982
0.00120775
0.00120524
0.00120314
0.00120079
0.00119819
0.0011955
0.0011929
0.00119061
0.00118842
0.00118545
0.00118283
0.00118064
0.00117824
0.00117585
0.00117338
0.00117134
0.00116865
0.00116617
0.00116378
0.00116159
0.00115925
0.00115716
0.00115516
0.0011529
0.00115058
0.00114833
0.00114601
0.00114357
0.00114124
0.00113887
0.00113667
0.00113451
0.0011326
0.00113026
0.00112792
0.00112562
0.00112313
0.00112117
0.0011192
0.00111696
0.00111477
0.00111291
0.00111054
0.00110846
0.00110647
0.00110432
0.00110221
0.00110034
0.00109821
0.0010961
0.00109404
0.00109201
0.00109004
0.00108783
0.00108581
0.0010836
0.00108165
0.00108003
0.0010778
0.00107595
0.00107423
0.00107243
0.00107053
0.00106871
0.00106654
0.00106445
0.00106261
0.00106074
0.00105885
0.00105684
0.0010551
0.00105283
0.00105103
0.00104918
0.0010474
0.00104547
0.00104358
0.0010418
0.00104001
0.00103797
0.00103613
0.00103398
0.00103216
0.00103037
0.00102877
0.00102711
0.00102531
0.00102355
0.00102166
0.00101983
0.00101794
0.00101632
0.00101417
0.00101244
0.00101069
0.00100878
0.00100681
0.0010051
0.00100332
0.00100153
0.000999817
0.000998218
0.000996656
0.000995121
0.00099359
0.000991757
0.000990289
0.000988678
0.000987062
0.000985389
0.000983503
0.000982049
0.000980392
0.000978618
0.00097687
0.000975303
0.000973628
0.000971888
0.000970317
0.000968639
0.000967058
0.000965642
0.00096401
0.000962603
0.000961022
0.000959435
0.000957766
0.000956318
0.000954718
0.000953347
0.000951767
0.000950065
0.000948738
0.000947298
0.000945766
0.000944498
0.000943224
0.000941829
0.000940534
0.000939034
0.000937519
0.000936009
0.000934467
0.000933154
0.00093164
0.00093026
0.000928904
0.000927459
0.000926046
0.000924582
0.000923013
0.000921586
0.000920054
0.000918609
0.000917368
0.000915877
0.000914463
0.000913197
0.000911881
0.00091064
0.000909198
0.000907671
0.000906486
0.000905127
0.000903641
0.000902194
0.000900831
0.000899489
0.00089829
0.000896965
0.000895712
0.000894291
0.000892986
0.000891744
0.000890489
0.000889101
0.000887735
0.000886229
0.000885015
0.000883745
0.000882294
0.000880874
0.000879782
0.000878502
0.000877218
0.000875912
0.000874685
0.000873321
0.000872093
0.000870811
0.00086946
0.000868201
0.000867109
0.000865954
0.000864706
0.000863446
0.000862125
0.000860848
0.000859607
0.000858266
0.000857119
0.000855896
0.000854638
0.000853469
0.000852226
0.000850963
0.000849781
0.000848726
0.000847543
0.00084627
0.000845209
0.000843981
0.000842697
0.000841538
0.000840313
0.000839221
0.000838049
0.000836978
0.000835617
0.000834455
0.000833408
0.0008322
0.000831018
0.000829779
0.000828537
0.000827226
0.000826116
0.000824936
0.000823745
0.000822427
0.000821424
0.000820236
0.000819217
0.000818086
0.000817022
0.000815897
0.000814632
0.000813598
0.000812348
0.000811256
0.000810161
0.000808893
0.000807951
0.000806878
0.000805774
0.000804791
0.000803657
0.000802471
0.000801393
0.000800406
0.000799251
0.00079818
0.000797086
0.000796001
0.000794872
0.000793854
0.000792771
0.000791698
0.000790675
0.000789581
0.00078863
0.000787542
0.000786543
0.000785493
0.000784512
0.000783455
0.000782321
0.000781283
0.000780123
0.000779097
0.000777937
0.000776813
0.00077575
0.000774658
0.000773807
0.000772791
0.000771733
0.000770684
0.00076974
0.000768811
0.000767821
0.000766852
0.000765917
0.000764872
0.000764036
0.000762939
0.000761883
0.000760998
0.000760139
0.000759277
0.000758206
0.000757249
0.000756177
0.000755164
0.000754264
0.000753201
0.000752184
0.00075123
0.000750175
0.000749215
0.000748262
0.000747378
0.00074649
0.00074567
0.000744721
0.000743863
0.000743055
0.000742077
0.000741272
0.000740464
0.00073948
0.000738517
0.000737674
0.000736628
0.000735713
0.000734754
0.000733902
0.000733057
0.000732001
0.000731052
0.000730116
0.000729172
0.000728258
0.000727352
0.000726591
0.000725689
0.000724745
0.000723938
0.00072315
0.000722319
0.000721383
0.000720456
0.000719508
0.000718668
0.000717775
0.000716829
0.000715869
0.000715011
0.000714143
0.000713201
0.000712191
0.000711379
0.000710466
0.000709582
0.00070862
0.0007078
0.000706982
0.00070614
0.000705342
0.000704455
0.000703575
0.000702672
0.00070176
0.000700876
0.000700053
0.000699211
0.000698418
0.000697538
0.00069677
0.000696056
0.000695124
0.000694398
0.000693424
0.000692608
0.000691784
0.000691003
0.000690121
0.000689277
0.000688476
0.000687646
0.000686849
0.000686094
0.0006853
0.000684458
0.000683597
0.000682849
0.000682043
0.000681214
0.000680471
0.000679546
0.000678827
0.000677986
0.000677161
0.000676364
0.000675651
0.000674896
0.000674143
0.000673415
0.00067268
0.000671839
0.000671122
0.000670415
0.000669653
0.000668973
0.000668286
0.000667466
0.000666671
0.000665917
0.000665193
0.000664476
0.000663641
0.000662913
0.000662289
0.000661536
0.000660718
0.000659986
0.0006592
0.000658384
0.000657746
0.000657026
0.000656367
0.000655576
0.0006548
0.000654036
0.000653273
0.000652526
0.000651785
0.000651051
0.000650354
0.000649659
0.000649002
0.000648255
0.000647547
0.000646916
0.000646219
0.000645587
0.000644938
0.000644303
0.000643581
0.000642882
0.000642199
0.000641521
0.000640853
0.000640174
0.000639509
0.000638859
0.000638245
0.000637558
0.000636803
0.000636111
0.000635406
0.000634695
0.000634038
0.000633317
0.000632666
0.00063203
0.00063139
0.000630692
0.000630022
0.000629305
0.000628684
0.000628035
0.000627331
0.000626638
0.000625829
0.000625218
0.000624673
0.000623906
0.000623262
0.000622527
0.000621874
0.000621139
0.000620534
0.000619793
0.000619125
0.000618462
0.000617829
0.000617251
0.000616658
0.000615943
0.000615307
0.000614713
0.000614076
0.000613404
0.000612753
0.000612156
0.000611581
0.000610966
0.000610284
0.000609704
0.000608978
0.000608336
0.000607772
0.000607117
0.000606519
0.000605887
0.000605165
0.00060456
0.000603943
0.00060325
0.000602613
0.000602051
0.000601362
0.000600791
0.000600174
0.000599544
0.000598945
0.000598302
0.000597644
0.00059713
0.000596552
0.000596028
0.000595459
0.000594808
0.000594219
0.000593623
0.000593037
0.000592387
0.000591818
0.000591261
0.000590649
0.000590045
0.000589492
0.000588887
0.000588339
0.000587704
0.000587088
0.000586492
0.000585908
0.000585307
0.000584781
0.000584153
0.000583595
0.00058301
0.000582477
0.000581865
0.000581304
0.00058064
0.000580072
0.000579562
0.000579035
0.000578405
0.000577887
0.000577299
0.000576766
0.000576151
0.000575581
0.000575096
0.000574507
0.000573954
0.000573465
0.000572896
0.000572343
0.000571773
0.000571214
0.000570661
0.000570125
0.000569598
0.000569054
0.000568446
0.000567856
0.000567326
0.000566824
0.000566348
0.000565821
0.000565291
0.000564735
0.000564221
0.000563643
0.000563145
0.00056262
0.000562018
0.000561486
0.000560934
0.000560427
0.000559843
0.000559281
0.00055878
0.000558297
0.000557748
0.000557193
0.000556696
0.00055615
0.000555605
0.000555118
0.000554585
0.000554102
0.000553578
0.000553022
0.000552552
0.000552086
0.00055149
0.000550928
0.000550442
0.000549915
0.000549402
0.00054889
0.00054841
0.000547884
0.000547384
0.000546875
