0.818841
0.811445
0.818878
0.815789
0.808535
0.806256
0.805608
0.809115
0.811944
0.812907
0.798883
0.788489
0.777305
0.768414
0.760792
0.753563
0.746702
0.740792
0.734441
0.730539
0.717677
0.706792
0.69838
0.691272
0.683055
0.675431
0.66992
0.66434
0.659899
0.655044
0.645906
0.637938
0.629291
0.621732
0.615781
0.60952
0.60387
0.597599
0.59256
0.587851
0.580562
0.573263
0.566938
0.560987
0.555401
0.549811
0.544173
0.538892
0.534071
0.529302
0.522784
0.516667
0.51154
0.505407
0.499655
0.49385
0.488819
0.483213
0.478568
0.474188
0.468667
0.463465
0.458873
0.453853
0.449521
0.444841
0.440096
0.435356
0.430785
0.42673
0.422173
0.417888
0.41337
0.409197
0.405193
0.401178
0.397235
0.393461
0.389826
0.386381
0.382621
0.378911
0.375218
0.371458
0.368135
0.364648
0.361095
0.35763
0.354751
0.351593
0.348364
0.345342
0.341999
0.339086
0.336284
0.333617
0.330794
0.3283
0.325347
0.322858
0.320256
0.317921
0.315463
0.313164
0.310843
0.308751
0.306591
0.304206
0.30233
0.300216
0.298297
0.296372
0.294344
0.292176
0.290419
0.288645
0.286867
0.285268
0.283773
0.282301
0.280713
0.279533
0.278061
0.276357
0.274852
0.273048
0.271567
0.269948
0.268577
0.267215
0.265961
0.264805
0.263375
0.262166
0.260923
0.259662
0.258338
0.257489
0.256517
0.255415
0.254374
0.253137
0.251799
0.250644
0.249761
0.248606
0.247426
0.246193
0.245331
0.244243
0.243182
0.242133
0.240881
0.240102
0.23911
0.238239
0.237005
0.235796
0.234876
0.234066
0.233179
0.232313
0.231265
0.23054
0.23008
0.229635
0.22902
0.228427
0.227597
0.226883
0.225907
0.225239
0.224377
0.223726
0.22308
0.222222
0.22159
0.220835
0.220297
0.219676
0.218949
0.218306
0.217573
0.217106
0.216459
0.215786
0.215109
0.214689
0.214134
0.213554
0.2129
0.212163
0.211396
0.210695
0.209976
0.209324
0.208633
0.207904
0.207186
0.206476
0.2057
0.204917
0.204229
0.203402
0.202536
0.20173
0.201022
0.200272
0.199549
0.198993
0.198221
0.197576
0.196791
0.196066
0.195344
0.194693
0.194093
0.193421
0.192674
0.191985
0.191376
0.190793
0.190137
0.189411
0.188771
0.188131
0.187506
0.186849
0.186237
0.185569
0.184993
0.184417
0.183879
0.183313
0.182866
0.182417
0.181882
0.181278
0.18082
0.180218
0.179856
0.179512
0.179048
0.178526
0.178201
0.177855
0.177409
0.177106
0.176663
0.176282
0.176081
0.175791
0.17543
0.175074
0.174654
0.174269
0.173895
0.1735
0.173106
0.172719
0.172438
0.172202
0.171891
0.17163
0.171378
0.171077
0.170795
0.170412
0.170111
0.169865
0.169589
0.169447
0.169218
0.168954
0.168831
0.168745
0.168462
0.168368
0.168236
0.168072
0.167996
0.16794
0.167984
0.168092
0.168197
0.168198
0.168109
0.168181
0.168174
0.168155
0.168323
0.168327
0.168245
0.168068
0.168006
0.167998
0.167995
0.167989
0.167851
0.167779
0.167767
0.167711
0.167753
0.167787
0.167747
0.167659
0.167624
0.167569
0.167646
0.167633
0.167596
0.167637
0.16765
0.167652
0.167801
0.167873
0.167756
0.167514
0.16735
0.167162
0.167036
0.166971
0.16671
0.166528
0.166318
0.166091
0.16589
0.165688
0.16544
0.165238
0.165022
0.164803
0.164642
0.164436
0.164299
0.164162
0.164102
0.164002
0.163888
0.163769
0.163747
0.163601
0.163372
0.163201
0.163026
0.162897
0.162745
0.162627
0.162451
0.162332
0.162057
0.161863
0.16168
0.161296
0.161051
0.160718
0.160404
0.160098
0.15973
0.159409
0.159087
0.158791
0.158517
0.158162
0.157861
0.157532
0.157201
0.156826
0.1565
0.156181
0.155907
0.155678
0.15548
0.155198
0.154909
0.154683
0.154423
0.154179
0.153919
0.153659
0.15346
0.15322
0.152967
0.152713
0.15248
0.15223
0.151967
0.151708
0.151424
0.151163
0.150974
0.150811
0.150585
0.150358
0.150085
0.14985
0.149635
0.149378
0.149119
0.14889
0.148652
0.148459
0.148292
0.148069
0.147858
0.147696
0.147504
0.147327
0.147095
0.146827
0.146585
0.146331
0.146113
0.145878
0.145639
0.14544
0.145271
0.145102
0.144979
0.144795
0.144626
0.144485
0.144321
0.144117
0.143961
0.143766
0.143591
0.143413
0.143248
0.143073
0.142882
0.142653
0.142594
0.142417
0.142245
0.142063
0.141933
0.141746
0.141598
0.141472
0.141359
0.141149
0.141005
0.1409
0.140786
0.140713
0.140572
0.140425
0.140265
0.140135
0.140112
0.140152
0.140082
0.140005
0.140032
0.140024
0.139925
0.139853
0.139711
0.139603
0.139556
0.1395
0.139369
0.1393
0.139235
0.139126
0.139045
0.138953
0.138955
0.138867
0.138771
0.138675
0.138546
0.138451
0.138413
0.138386
0.138384
0.138302
0.138144
0.138053
0.137966
0.137875
0.137818
0.137709
0.137709
0.137658
0.137506
0.137415
0.137373
0.13724
0.137087
0.136944
0.136815
0.136743
0.136624
0.136497
0.136368
0.136194
0.136053
0.135935
0.135838
0.135753
0.135633
0.135526
0.135428
0.135334
0.135242
0.135168
0.13506
0.134943
0.134805
0.134679
0.134611
0.134543
0.134449
0.134308
0.134258
0.134097
0.13402
0.133938
0.133859
0.133764
0.133714
0.133666
0.13357
0.133535
0.133451
0.133401
0.133344
0.133256
0.133297
0.133268
0.133135
0.133033
0.132934
0.132905
0.132889
0.132882
0.132838
0.132759
0.132728
0.132671
0.132572
0.132525
0.132441
0.132349
0.132315
0.132283
0.132181
0.132119
0.132019
0.131942
0.131836
0.131763
0.131608
0.131503
0.131419
0.131395
0.131349
0.13129
0.131241
0.131103
0.131044
0.130942
0.130832
0.130696
0.130582
0.13046
0.130331
0.130222
0.130085
0.130007
0.129931
0.129877
0.129797
0.12969
0.129608
0.129479
0.129426
0.129303
0.129204
0.12908
0.128993
0.128878
0.12878
0.128694
0.128563
0.128438
0.128328
0.128206
0.128076
0.127953
0.127853
0.12779
0.127666
0.127577
0.127484
0.127337
0.12725
0.127129
0.127078
0.126951
0.126841
0.126743
0.126674
0.126561
0.126446
0.126321
0.126284
0.126169
0.126081
0.125981
0.125996
0.125902
0.125884
0.125823
0.12574
0.125643
0.125589
0.125505
0.125419
0.125372
0.125342
0.125326
0.125301
0.125294
0.125235
0.125267
0.125258
0.125245
0.125211
0.125197
0.125197
0.125194
0.125221
0.125246
0.125228
0.125239
0.125257
0.125229
0.125177
0.125196
0.125152
0.125088
0.125147
0.125225
0.125218
0.125205
0.125281
0.125285
0.125298
0.125292
0.125312
0.125213
0.125113
0.125086
0.125064
0.125009
0.124998
0.124956
0.124915
0.124839
0.124765
0.124709
0.124681
0.124635
0.124553
0.124499
0.124404
0.12433
0.12429
0.124251
0.124175
0.124087
0.124052
0.124022
0.123957
0.123933
0.123872
0.123883
0.123862
0.123827
0.123864
0.123881
0.12388
0.123873
0.12384
0.12382
0.12382
0.12376
0.123711
0.123688
0.123622
0.12361
0.123632
0.123618
0.123543
0.123521
0.123462
0.123409
0.123353
0.123313
0.123254
0.123228
0.123195
0.123159
0.123076
0.123003
0.122915
0.122883
0.122799
0.122717
0.12264
0.122638
0.122591
0.122496
0.122412
0.122319
0.122229
0.122175
0.122092
0.122007
0.121931
0.121828
0.121761
0.121695
0.12163
0.121538
0.121466
0.121405
0.121346
0.121265
0.121176
0.121076
0.120997
0.120907
0.12083
0.120751
0.120698
0.12064
0.120597
0.120556
0.120506
0.120488
0.12043
0.120369
0.120287
0.120204
0.120125
0.120042
0.12001
0.119982
0.119974
0.119942
0.1199
0.11983
0.119804
0.119791
0.119763
0.119726
0.119727
0.119652
0.119631
0.119587
0.119529
0.119478
0.119447
0.119385
0.11933
0.119291
0.119257
0.119223
0.119216
0.119185
0.119174
0.119103
0.119093
0.119041
0.118987
0.118938
0.118904
0.118927
0.11897
0.119015
0.119046
0.119013
0.11901
0.11904
0.119055
0.119078
0.119206
0.119384
0.119663
0.119796
0.119992
0.120161
0.120288
0.120361
0.120511
0.120678
0.120829
0.120949
0.121052
0.121203
0.121319
0.121435
0.121582
0.121724
0.121868
0.12204
0.12224
0.122383
0.122505
0.122628
0.12279
0.122939
0.123077
0.12322
0.123374
0.123463
0.123546
0.123572
0.123612
0.123737
0.123838
0.123914
0.124003
0.12411
0.124151
0.124195
0.124267
0.124372
0.12447
0.124543
0.124627
0.12473
0.124819
0.124889
0.124923
0.124933
0.124895
0.124901
0.124933
0.124998
0.125057
0.125093
0.125144
0.125181
0.125177
0.125197
0.125227
0.125237
0.12528
0.125325
0.125337
0.125336
0.125297
0.1253
0.125263
0.125303
0.125325
0.125357
0.12534
0.125353
0.125367
0.125346
0.125378
0.125429
0.125446
0.125497
0.125534
0.12554
0.125555
0.125536
0.125553
0.125542
0.125551
0.125582
0.125578
0.125565
0.12553
0.125478
0.125443
0.125389
0.125351
0.125316
0.125249
0.125187
0.125148
0.125123
0.125107
0.125067
0.125042
0.125024
0.12501
0.124973
0.124939
0.124881
0.124831
0.12478
0.124696
0.124647
0.124632
0.124629
0.124646
0.124626
0.124616
0.12456
0.124521
0.124519
0.124538
0.124543
0.124553
0.124522
0.124477
0.124458
0.124443
0.124453
0.124444
0.124437
0.124428
0.124457
0.124419
0.124366
0.124336
0.124269
0.124209
0.124149
0.124098
0.124078
0.124058
0.124032
0.124012
0.123957
0.123911
0.123856
0.123829
0.123773
0.123755
0.123708
0.123654
0.123579
0.123524
0.12346
0.12343
0.123407
0.123376
0.123318
0.123251
0.123207
0.123152
0.123136
0.123102
0.123079
0.123079
0.12304
0.123018
0.122955
0.122933
0.122898
0.122892
0.122855
0.122855
0.122821
0.122795
0.122735
0.122679
0.122662
0.12268
0.122652
0.122657
0.122639
0.122626
0.122619
0.122605
0.122576
0.122574
0.122582
0.122603
0.122567
0.122508
0.122478
0.122462
0.122452
0.122438
0.122417
0.122414
0.122413
0.122417
0.122418
0.122389
0.122382
0.122349
0.122323
0.122328
0.122275
0.122231
0.122206
0.122203
0.122207
0.122233
0.122258
0.122267
0.122272
0.122289
0.122275
0.122269
0.122268
0.122278
0.122291
0.122289
0.122367
0.122406
0.122435
0.122473
0.122475
0.122514
0.122524
0.122528
0.122581
0.122578
0.122578
0.12254
0.122543
0.122594
0.122589
0.122609
0.122617
0.122646
0.122631
0.122604
0.122591
0.122588
0.122577
0.122524
0.122501
0.122469
0.122471
0.122414
0.122392
0.122338
0.122307
0.122281
0.122237
0.122222
0.122174
0.122162
0.12211
0.122075
0.122006
0.122001
0.121988
0.121949
0.12194
0.121926
0.121924
0.12192
