0
0.00147493
0.00097561
0.00074184
0.000589971
0.000484966
0.000417711
0.000364697
0.000324886
0.000294291
0.00028169
0.000269906
0.000259471
0.00024888
0.000239923
0.00023116
0.000223364
0.000216544
0.000208594
0.000202429
0.000195963
0.000189322
0.000183824
0.000179372
0.000175131
0.000170126
0.000165481
0.000162285
0.000158303
0.00015425
0.000150399
0.000147145
0.000143906
0.000140905
0.000137665
0.000134571
0.000131874
0.000129316
0.000126791
0.000124208
0.000121359
0.000119048
0.000116945
0.000114626
0.000112499
0.000110351
0.00010853
0.000106929
0.000104987
0.000103338
0.000101636
9.994e-05
9.85028e-05
9.68429e-05
9.52835e-05
9.37822e-05
9.22254e-05
9.09339e-05
8.96218e-05
8.83939e-05
8.72524e-05
8.61104e-05
8.49401e-05
8.38223e-05
8.26651e-05
8.16127e-05
8.06582e-05
7.95862e-05
7.86287e-05
7.7682e-05
7.66812e-05
7.57174e-05
7.49008e-05
7.40905e-05
7.32923e-05
0.000144938
0.00035868
0.000566974
0.000630782
0.000624826
0.000686719
0.000679763
0.000672585
0.000664938
0.000658762
0.000652656
0.000646538
0.000640779
0.000634961
0.000629406
0.000622859
0.000616675
0.00061065
0.000604193
0.000598731
0.000593366
0.00058782
0.000582072
0.000577067
0.000572443
0.000566958
0.000561798
0.000556235
0.000550934
0.000546388
0.000541331
0.000536394
0.000532028
0.000527593
0.000523122
0.000518538
0.000514271
0.000510282
0.00050656
0.000502109
0.000498306
0.00049412
0.000490244
0.000486523
0.000482812
0.000478904
0.000475511
0.000472077
0.00046856
0.00046516
0.000461617
0.000457813
0.00045438
0.000450979
0.000448129
0.000444761
0.000441677
0.000438462
0.000435294
0.000431854
0.000429203
0.000426312
0.000423603
0.000420787
0.0004182
0.000415507
0.00041295
0.00041029
0.000407614
0.000405285
0.00040282
0.000400432
0.000397646
0.000395257
0.000392711
0.00039032
0.000387883
0.000385564
0.000382995
0.00038088
0.000378472
0.000376364
0.000374167
0.000371927
0.000369658
0.000367688
0.000365551
0.000363597
0.000361311
0.000358847
0.000356824
0.000354962
0.000353045
0.000351099
0.000349113
0.000347162
0.000345113
0.000343124
0.000341285
0.000339478
0.000337849
0.000336202
0.000334258
0.000332403
0.000330743
0.000328893
0.000327097
0.000325468
0.000323499
0.000321906
0.00032041
0.000318898
0.000317219
0.000315587
0.000313952
0.000312471
0.000310897
0.000309234
0.000307901
0.000306448
0.000304785
0.000303407
0.000301896
0.000300436
0.000298864
0.000297318
0.000295998
0.000294481
0.000293143
0.000291852
0.00029052
0.00028926
0.000287994
0.000286821
0.000285559
0.000284228
0.000282957
0.000281881
0.000280757
0.000279658
0.00027842
0.000277246
0.000276045
0.000274816
0.000273501
0.000272153
0.00027101
0.000269789
0.000268586
0.00026743
0.000266333
0.00026528
0.000264166
0.000263013
0.000261986
0.000260899
0.000259794
0.000258679
0.000257599
0.000256535
0.000255506
0.000254446
0.000253389
0.000252347
0.000251231
0.000250294
0.000249333
0.000248324
0.000247219
0.00024613
0.000245266
0.000244463
0.000243505
0.000242489
0.000241558
0.000240651
0.000239728
0.000238914
0.000238033
0.000237237
0.000236312
0.000235521
0.000234758
0.000233814
0.00023304
0.000232272
0.000231433
0.000230665
0.000229779
0.000228891
0.000228144
0.000227304
0.000226665
0.000225723
0.000224942
0.00022423
0.000223424
0.000222648
0.000221907
0.000221122
0.000220405
0.000219611
0.000218852
0.000218093
0.000217358
0.000216694
0.000216001
0.000215257
0.000214514
0.000213748
0.00021307
0.000212319
0.000211595
0.000210873
0.000210186
0.000209534
0.000208742
0.000208069
0.000207456
0.000206765
0.000205999
0.000205276
0.000204629
0.000204003
0.000203339
0.000202725
0.000202102
0.00020141
0.000200771
0.000200172
0.000199541
0.000198811
0.000198106
0.000197488
0.000196916
0.000196302
0.000195748
0.000195126
0.000194492
0.000193934
0.000193375
0.000192808
0.000192204
0.000191589
0.000191015
0.000190454
0.000190013
0.000189405
0.000188804
0.000188285
0.000187614
0.000187049
0.000186505
0.000185977
0.000185377
0.000184802
0.000184233
0.000183668
0.000183093
0.000182508
0.000181924
0.000181455
0.000180982
0.000180476
0.00017996
0.000179478
0.000178945
0.00017853
0.000178132
0.000177651
0.000177164
0.000176688
0.000176267
0.000175793
0.000175312
0.000174837
0.000174374
0.000173974
0.000173533
0.000173034
0.000172583
0.000172102
0.000171636
0.000171139
0.000170707
0.000170233
0.000169797
0.000169357
0.00016893
0.000168486
0.000168036
0.000167577
0.000167151
0.000166667
0.000166237
0.000165796
0.000165401
0.000164872
0.000164409
0.000164061
0.000163639
0.000163199
0.000162808
0.000162385
0.000161951
0.000161496
0.000161163
0.00016071
0.0001603
0.00015987
0.000159487
0.000159096
0.000158675
0.000158255
0.000157846
0.000157443
0.000157057
0.000156661
0.000156284
0.00015589
0.000155494
0.000155101
0.000154667
0.00015429
0.000153912
0.000153558
0.000153203
0.000152826
0.00015249
0.000152121
0.00015174
0.000151343
0.000150971
0.000150611
0.000150267
0.000149907
0.000149553
0.000149165
0.000148743
0.000148401
0.000148041
0.000147656
0.000147271
0.000146944
0.000146595
0.000146216
0.000145851
0.000145579
0.000145275
0.000144953
0.000144615
0.000144267
0.000143916
0.00014362
0.000143316
0.00014299
0.000142698
0.000142371
0.000142096
0.000141764
0.000141451
0.000141145
0.000140811
0.000140501
0.00014018
0.000139897
0.000139599
0.000139287
0.000138972
0.00013866
0.000138376
0.000138091
0.000137804
0.000137476
0.000137174
0.000136919
0.000136612
0.000136282
0.000135993
0.000135735
0.000135411
0.000135115
0.000134813
0.000134513
0.000134216
0.000133935
0.00013364
0.000133355
0.000133041
0.00013276
0.000132466
0.000132191
0.000131919
0.000131641
0.000131347
0.000131096
0.000130806
0.000130509
0.000130213
0.000129983
0.000129727
0.000129441
0.000129161
0.000128924
0.00012866
0.000128396
0.000128131
0.000127885
0.000127652
0.000127421
0.000127168
0.000126928
0.000126695
0.000126433
0.000126205
0.000125943
0.000125664
0.000125401
0.000125127
0.000124864
0.000124626
0.000124373
0.000124131
0.000123913
0.000123661
0.000123397
0.000123103
0.000122873
0.000122666
0.000122424
0.000122182
0.000121945
0.000121709
0.000121487
0.000121252
0.00012101
0.000120766
0.000120549
0.000120309
0.000120074
0.000119857
0.000119623
0.000119393
0.000119141
0.000118924
0.00011869
0.000118483
0.000118249
0.000117995
0.00011778
0.000117536
0.000117335
0.000117154
0.000116926
0.000116689
0.000116455
0.000116243
0.000116029
0.000115823
0.000115618
0.000115372
0.000115144
0.000114952
0.000114737
0.000114504
0.000114297
0.000114103
0.000113924
0.00011368
0.000113473
0.000113275
0.000113062
0.000112878
0.000112686
0.000112475
0.000112307
0.000112133
0.000111955
0.000111746
0.00011157
0.000111392
0.000111199
0.000111003
0.0001108
0.000110613
0.000110428
0.000110201
0.00011003
0.000109856
0.000109666
0.000109495
0.000109303
0.000109123
0.000108885
0.000108696
0.000108509
0.000108341
0.000108149
0.000107974
0.00010779
0.0001076
0.000107425
0.000107235
0.000107039
0.000106858
0.000106679
0.0001065
0.000106314
0.000106139
0.000105934
0.000105764
0.000105559
0.000105384
0.000105191
0.000105016
0.000104861
0.000104697
0.000104516
0.00010435
0.0001042
0.000104036
0.000103863
0.00010369
0.00010353
0.000103354
0.000103163
0.00010297
0.000102778
0.000102603
0.000102425
0.000102255
0.000102081
0.000101914
0.000101769
0.0001016
0.000101435
0.000101276
0.000101091
0.000100931
0.000100766
0.000100623
0.000100477
0.000100316
0.000100156
9.9988e-05
9.98283e-05
9.96542e-05
9.94995e-05
9.93443e-05
9.91877e-05
9.90452e-05
9.89032e-05
9.87713e-05
9.86154e-05
9.84601e-05
9.83275e-05
9.81672e-05
9.79941e-05
9.78646e-05
9.77202e-05
9.75686e-05
9.7427e-05
9.72848e-05
9.71119e-05
9.69706e-05
9.67998e-05
9.66408e-05
9.64757e-05
9.63243e-05
9.61538e-05
9.60006e-05
9.58718e-05
9.57295e-05
9.55968e-05
9.54508e-05
9.52826e-05
9.51294e-05
9.50047e-05
9.48704e-05
9.47338e-05
9.45922e-05
9.44501e-05
9.42969e-05
9.41628e-05
9.40256e-05
9.38817e-05
9.374e-05
9.35856e-05
9.34448e-05
9.3314e-05
9.31767e-05
9.30345e-05
9.28971e-05
9.27721e-05
9.26475e-05
9.25104e-05
9.23694e-05
9.22314e-05
9.20946e-05
9.19574e-05
9.184e-05
9.17137e-05
9.15801e-05
9.14603e-05
9.13167e-05
9.11843e-05
9.10656e-05
9.09389e-05
9.08183e-05
9.06923e-05
9.05551e-05
9.04135e-05
9.02755e-05
9.01461e-05
9.00187e-05
8.98941e-05
