0.414861
0.209531
0.142278
0.106335
0.0856278
0.0721178
0.0618758
0.0543933
0.0486322
0.0439261
0.0420595
0.0403956
0.0386255
0.0371034
0.0358286
0.0345934
0.0332952
0.0321192
0.0311633
0.0301934
0.0292474
0.028408
0.0276967
0.0268567
0.0260731
0.025431
0.0248994
0.0242766
0.0236014
0.0231657
0.0226036
0.0220615
0.0216185
0.0211372
0.0206484
0.0202721
0.0199077
0.0196927
0.0202677
0.0201263
0.0199562
0.0195996
0.0192634
0.0189961
0.0187185
0.0184073
0.0182564
0.0182403
0.018132
0.0186001
0.0190364
0.0188414
0.0186689
0.0183983
0.0181337
0.0179164
0.0185635
0.018399
0.0181298
0.0180774
0.0178722
0.0177404
0.0176321
0.0173979
0.0172948
0.0171488
0.0170107
0.0168747
0.0166541
0.016488
0.0163725
0.0162817
0.0160826
0.0159264
0.0161993
0.0168095
0.018252
0.0188989
0.0194883
0.0205126
0.0212231
0.0210483
0.0211232
0.0209291
0.0208704
0.020779
0.0206032
0.020579
0.0204888
0.0204708
0.0205322
0.0205536
0.0206019
0.0205399
0.0204954
0.0205429
0.0204979
0.0204598
0.0205393
0.0205182
0.0205946
0.0206113
0.0206753
0.0207145
0.0207554
0.0207143
0.0207752
0.0208777
0.02088
0.0208812
0.0209263
0.0208864
0.0209439
0.0208739
0.0208668
0.0208058
0.0208431
0.0208113
0.0208907
0.0208434
0.0208153
0.0209339
0.0209135
0.0209036
0.0208988
0.0208632
0.020797
0.0207512
0.0207466
0.0208441
0.0208942
0.0208107
0.0207577
0.0207496
0.0207036
0.0206865
0.0207223
0.0207062
0.0206653
0.0205617
0.0205565
0.0205462
0.0204891
0.0204182
0.0205456
0.0205558
0.0204523
0.0204061
0.0204179
0.0203905
0.0203866
0.0203147
0.0202751
0.0202396
0.0201668
0.0200825
0.0200572
0.019939
0.0199167
0.0198406
0.0197426
0.019672
0.0196395
0.0195689
0.0194606
0.0193455
0.0192697
0.0191819
0.019073
0.01898
0.0189043
0.0188144
0.0187326
0.0186335
0.0185642
0.0184753
0.018378
0.01827
0.0182057
0.0181189
0.0180315
0.0179578
0.0178836
0.0178122
0.0177384
0.0176678
0.0175739
0.0174842
0.0173954
0.0173141
0.0172438
0.0171731
0.0171272
0.0170732
0.0170062
0.0169207
0.0168561
0.0167742
0.0166935
0.0166307
0.0165545
0.0164701
0.0163947
0.0163225
0.0162566
0.0161777
0.0161183
0.0160598
0.0160147
0.0159423
0.0158855
0.0158109
0.015754
0.0157106
0.0156541
0.0155858
0.0155124
0.0154663
0.0153971
0.0153465
0.0152813
0.0152298
0.0151636
0.0151004
0.0150493
0.0149879
0.014922
0.0148839
0.014834
0.0147976
0.0147621
0.0146965
0.0146334
0.0145884
0.0145279
0.0144707
0.0144334
0.0143875
0.0143416
0.0143004
0.0142574
0.0142093
0.0141542
0.0141014
0.0140472
0.0140068
0.0139618
0.0139089
0.013868
0.0138176
0.013764
0.0137342
0.0136947
0.0136443
0.013617
0.0135642
0.0135497
0.0134999
0.0134626
0.0134126
0.0133641
0.0133148
0.0132806
0.013235
0.013215
0.0131675
0.0131221
0.0130722
0.0130275
0.0129826
0.0129345
0.0128977
0.0128649
0.0128224
0.0128095
0.0127619
0.0127247
0.0126921
0.0126457
0.0126126
0.0125794
0.0125342
0.0124937
0.012462
0.0124344
0.012404
0.0123712
0.0123282
0.0123066
0.0122627
0.0122209
0.0121823
0.0121532
0.0121093
0.0120887
0.0120487
0.0120114
0.0119729
0.0119328
0.0118963
0.0118597
0.0118241
0.0117862
0.0117462
0.0117085
0.0116768
0.011641
0.0116071
0.0115797
0.0115413
0.0115062
0.0114868
0.0114604
0.0114235
0.0113885
0.0113526
0.0113279
0.0113044
0.0112773
0.0112646
0.011238
0.0112123
0.0111798
0.0111499
0.0111185
0.0110863
0.0110626
0.0110324
0.0110114
0.0109796
0.0109578
0.0109341
0.0109116
0.0108874
0.0108567
0.0108471
0.0108237
0.0107909
0.0107707
0.0107485
0.0107148
0.0106909
0.0106581
0.0106462
0.010618
0.0105983
0.0105683
0.0105395
0.0105109
0.0104783
0.0104496
0.0104207
0.0104167
0.0103889
0.0103678
0.0103489
0.0103457
0.010327
0.0102988
0.0102798
0.0102518
0.0102337
0.0102142
0.0101961
0.0101707
0.0101527
0.0101359
0.0101189
0.0100931
0.0100832
0.0100795
0.0100553
0.0100286
0.0100087
0.00999002
0.00996206
0.00994482
0.00991907
0.00989265
0.00987828
0.0098615
0.00985938
0.00984385
0.00983347
0.00982433
0.00980111
0.00977708
0.00976969
0.00974839
0.00972435
0.00970034
0.00967707
0.00966082
0.00964472
0.00962092
0.00960471
0.00957964
0.00957296
0.00955846
0.00954432
0.00952169
0.00951128
0.00949742
0.00947485
0.00945303
0.00943089
0.00940927
0.00938769
0.00936564
0.00935085
0.00934285
0.00932715
0.00930718
0.00928482
0.00926194
0.00924692
0.00922684
0.00922322
0.00920333
0.00918078
0.00915994
0.00914529
0.00913185
0.00911867
0.00910489
0.00909097
0.00907056
0.00904971
0.00903012
0.00901754
0.00901088
0.00899125
0.00897749
0.00895631
0.0089356
0.00893862
0.00891892
0.00889963
0.00888061
0.0088757
0.00886437
0.00884523
0.00882679
0.00880665
0.00878935
0.00878262
0.00877775
0.00875826
0.00874084
0.00872772
0.0087146
0.00869601
0.00868426
0.00867304
0.00865424
0.0086353
0.00861568
0.00861057
0.00860077
0.00858715
0.00858254
0.008572
0.00855351
0.00854331
0.00853905
0.00852795
0.00851605
0.00851114
0.0085004
0.00848283
0.00847836
0.00846114
0.00845091
0.00844039
0.00844261
0.00843319
0.00841634
0.0083989
0.00839299
0.00838147
0.00836449
0.00835308
0.00835565
0.0083384
0.00832137
0.00830399
0.00828699
0.00826991
0.00825243
0.00825392
0.00824394
0.0082406
0.00823629
0.00822749
0.00821184
0.00820746
0.00820223
0.00818587
0.00817598
0.00815973
0.00814546
0.00813139
0.00811646
0.0081058
0.00809652
0.00808017
0.00807822
0.00806761
0.00805239
0.00804223
0.00803245
0.00802319
0.00800686
0.00799233
0.00797738
0.00796786
0.0079533
0.00793817
0.00792362
0.00791944
0.00790989
0.00789481
0.00788083
0.00786619
0.00786272
0.00786051
0.00784577
0.00783589
0.00782101
0.00781355
0.00780657
0.00780321
0.00779946
0.00779082
0.00778226
0.00776826
0.00776008
0.00775158
0.00775006
0.00773707
0.00772305
0.00771511
0.00770641
0.00769336
0.00770269
0.00770096
0.0076985
0.00769122
0.00768861
0.00767499
0.00766081
0.00764681
0.00763894
0.0076264
0.00761864
0.00760558
0.00759886
0.00759684
0.00759979
0.00759151
0.00758964
0.00758719
0.00757354
0.00755995
0.00755223
0.00756183
0.00755501
0.00754141
0.00752894
0.00752638
0.00752428
0.00751553
0.00751281
0.00750016
0.00749837
0.00749114
0.00747779
0.00748069
0.00747914
0.00746732
0.00745478
0.00744312
0.00743667
0.00742424
0.00741721
0.00741428
0.00740772
0.00740588
0.00740967
0.00740296
0.00739069
0.00738831
0.00738174
0.00738089
0.00737392
0.00736196
0.00735987
0.00735803
0.0073568
0.00735508
0.00734328
0.00733744
0.00732506
0.0073181
0.00731631
0.00730957
0.00730387
0.0072977
0.0072958
0.00729424
0.00729842
0.0072855
0.00727937
0.00727759
0.00727138
0.00726984
0.00727847
0.00726729
0.0072604
0.00725867
0.00726232
0.00725551
0.00725025
0.00724851
0.00724187
0.00723031
0.00723292
0.00722152
0.0072145
0.00721305
0.00721174
0.00720006
0.00719456
0.0071882
0.00718197
0.00718569
0.00717357
0.00718157
0.00718622
0.00718406
0.0071832
0.00717698
0.00716537
0.00715794
0.00715172
0.007141
0.00713894
0.00712804
0.0071173
0.00711597
0.00710997
0.00709995
0.00709355
0.00709686
0.00709129
0.00709957
0.00709909
0.00710307
0.00711127
0.00710434
0.00709814
0.00709146
0.00710036
0.00708967
0.00707981
0.00707893
0.00707342
0.00707193
0.00706526
0.00706379
0.00705804
0.00704783
0.00705653
0.00704723
0.0070364
0.00704959
0.0070396
0.00702873
0.00701899
0.00701758
0.00701226
0.00701109
0.0070064
0.00700597
0.00700926
0.00702233
0.00701204
0.00700245
0.00700161
0.00699187
0.00698216
