0.196396
0.198029
0.197802
0.204986
0.211808
0.21122
0.209886
0.210782
0.211538
0.210058
0.229631
0.241255
0.25414
0.264777
0.272773
0.282915
0.290176
0.300187
0.304882
0.309237
0.312326
0.317398
0.318712
0.321715
0.322329
0.321187
0.323086
0.324515
0.325565
0.327637
0.328351
0.32938
0.331664
0.33216
0.33308
0.331927
0.333025
0.332217
0.333463
0.333888
0.334261
0.334344
0.335879
0.335246
0.336833
0.337349
0.337976
0.339456
0.340365
0.34129
0.34269
0.343414
0.343819
0.344022
0.344727
0.344908
0.34552
0.34612
0.346143
0.346496
0.347688
0.348455
0.350029
0.351681
0.35442
0.357833
0.362708
0.36668
0.370805
0.37376
0.36931
0.364559
0.360113
0.355821
0.35138
0.347134
0.34289
0.338905
0.334951
0.33097
0.33082
0.330658
0.330325
0.330383
0.330136
0.330306
0.330159
0.329642
0.329429
0.329234
0.330077
0.330779
0.331668
0.331894
0.332062
0.332378
0.332655
0.332571
0.333186
0.33377
0.332712
0.330452
0.328174
0.325782
0.323398
0.321242
0.319335
0.317281
0.315172
0.313109
0.312364
0.311812
0.311159
0.310589
0.309996
0.309262
0.308298
0.307452
0.307093
0.30606
0.305445
0.304128
0.302615
0.300982
0.299369
0.297795
0.296124
0.294712
0.293305
0.291761
0.291211
0.289919
0.288636
0.287157
0.28593
0.284484
0.283083
0.281843
0.280674
0.27932
0.278725
0.277651
0.276364
0.275216
0.274015
0.272705
0.271434
0.270052
0.268653
0.267285
0.266778
0.265901
0.26498
0.263991
0.26304
0.262047
0.261009
0.259924
0.258989
0.257957
0.257229
0.256456
0.255395
0.254521
0.253786
0.253142
0.252411
0.251922
0.251641
0.251369
0.251502
0.251604
0.251963
0.252414
0.252775
0.252913
0.253006
0.253201
0.253534
0.253636
0.254025
0.254356
0.254722
0.255029
0.255258
0.255475
0.255707
0.255925
0.256337
0.256519
0.256697
0.256884
0.257046
0.257063
0.257232
0.257473
0.257524
0.257699
0.25798
0.258163
0.258684
0.258899
0.259146
0.259448
0.259709
0.260022
0.260269
0.260371
0.260714
0.260909
0.261105
0.261503
0.262007
0.262244
0.262569
0.262994
0.263241
0.263544
0.263902
0.264312
0.264536
0.26494
0.26517
0.265546
0.265826
0.266077
0.266329
0.266434
0.26674
0.266663
0.266619
0.26668
0.266524
0.266489
0.266614
0.266523
0.266372
0.266415
0.266495
0.266558
0.266944
0.267084
0.267276
0.267313
0.267457
0.267816
0.267938
0.268237
0.268429
0.268637
0.268713
0.268803
0.269006
0.269031
0.269274
0.269349
0.269556
0.269411
0.269586
0.269721
0.27001
0.270294
0.270421
0.27057
0.270675
0.270828
0.270969
0.271236
0.271293
0.271494
0.271638
0.271764
0.27181
0.271845
0.272031
0.272154
0.272304
0.272448
0.272553
0.272732
0.27279
0.272933
0.272876
0.272763
0.272878
0.273018
0.273099
0.273117
0.2732
0.273264
0.273471
0.273748
0.273877
0.273821
0.27391
0.27407
0.274077
0.274227
0.274515
0.274695
0.274664
0.274752
0.274738
0.274772
0.274658
0.274714
0.274784
0.274738
0.27474
0.274793
0.274776
0.274968
0.275131
0.275193
0.275376
0.275545
0.275693
0.275778
0.275914
0.276026
0.276084
0.276209
0.276239
0.276458
0.276572
0.276798
0.276908
0.277009
0.277183
0.277224
0.27734
0.277538
0.277653
0.277835
0.277854
0.277926
0.27798
0.277911
0.278054
0.278142
0.278291
0.278498
0.278559
0.278697
0.278824
0.278929
0.279051
0.279204
0.279435
0.279602
0.279714
0.279747
0.279846
0.279993
0.280039
0.280169
0.28021
0.280191
0.28023
0.280336
0.280405
0.280557
0.280621
0.280581
0.280735
0.28077
0.280772
0.280845
0.280976
0.281142
0.281242
0.281334
0.28146
0.281661
0.28168
0.281778
0.281887
0.281977
0.282031
0.281969
0.281855
0.281777
0.281813
0.281813
0.281843
0.28191
0.281984
0.28205
0.282076
0.282093
0.282086
0.282149
0.282192
0.282262
0.282315
0.282467
0.282486
0.282483
0.282575
0.282565
0.282643
0.28268
0.282815
0.282896
0.283023
0.283013
0.283032
0.28309
0.283176
0.283289
0.283195
0.28314
0.283237
0.283246
0.283223
0.283353
0.283413
0.283535
0.283537
0.283572
0.283697
0.283749
0.283944
0.284016
0.284049
0.284259
0.284446
0.284555
0.284735
0.284776
0.28487
0.284908
0.28507
0.28517
0.285257
0.28535
0.28552
0.285518
0.285623
0.285767
0.285804
0.285848
0.285926
0.286011
0.286132
0.286186
0.286306
0.286416
0.286524
0.286666
0.286677
0.286806
0.286843
0.286842
0.287082
0.287143
0.287235
0.287344
0.287445
0.28758
0.287701
0.287697
0.287744
0.287807
0.287827
0.287829
0.287889
0.287972
0.288012
0.288091
0.288183
0.288291
0.288322
0.288334
0.288449
0.288406
0.2885
0.288675
0.288742
0.288814
0.288839
0.288822
0.288832
0.288812
0.28881
0.288882
0.28886
0.288829
0.28877
0.288728
0.288821
0.288899
0.288965
0.289065
0.289084
0.289108
0.289142
0.289217
0.289354
0.289301
0.289363
0.289511
0.289557
0.289646
0.28969
0.289659
0.289648
0.289667
0.289747
0.289804
0.289751
0.289788
0.2898
0.289744
0.289753
0.289712
0.289693
0.289729
0.289774
0.289788
0.28979
0.289762
0.28977
0.289804
0.289788
0.289765
0.289835
0.28979
0.289787
0.289812
0.289879
0.289864
0.289924
0.289941
0.289976
0.290038
0.290019
0.289976
0.290095
0.290131
0.2902
0.290254
0.290286
0.2903
0.29032
0.290345
0.290419
0.290474
0.290571
0.290619
0.290598
0.290588
0.290626
0.290616
0.290673
0.290664
0.290641
0.290634
0.290629
0.290616
0.29053
0.290566
0.29063
0.290695
0.290795
0.290868
0.290966
0.290972
0.290985
0.291058
0.291058
0.291018
0.290929
0.290958
0.290961
0.291018
0.29097
0.29097
0.290984
0.29097
0.291046
0.291057
0.291144
0.291233
0.291285
0.291365
0.291411
0.291384
0.291357
0.291425
0.29138
0.291364
0.291318
0.291304
0.291293
0.291335
0.291367
0.291401
0.291389
0.291449
0.291472
0.291552
0.291538
0.291615
0.291639
0.291598
0.291637
0.291643
0.291752
0.291865
0.291888
0.291866
0.291883
0.2918
0.291845
0.291895
0.291942
0.291922
0.291933
0.291935
0.29186
0.291844
0.291815
0.291744
0.2917
0.291723
0.291691
0.291658
0.291609
0.291613
0.291675
0.291704
0.291724
0.291733
0.291779
0.291834
0.291843
0.29182
0.291812
0.291857
0.291909
0.291958
0.291999
0.292071
0.292153
0.292197
0.292305
0.292339
0.292372
0.292417
0.292372
0.29239
0.292376
0.292421
0.292544
0.292535
0.292534
0.292545
0.292552
0.292497
0.292543
0.292647
0.292704
0.292723
0.292787
0.292895
0.29297
0.29309
0.293167
0.293215
0.293208
0.293203
0.293204
0.293197
0.293241
0.293221
0.293221
0.293235
0.293229
0.293235
0.293283
